1606604913.18 116,3,2,255
1606604913.18 116,2,3,255
1606604913.18 116,1,4,255
1606604913.18 116,2,4,255
1606604913.36 189,1,2,255
1606604913.5 190,1,3,255
1606604913.63 190,4,1,255
1606604913.63 190,3,1,255
1606604913.73 190,1,3,255
1606604914.87 191,4,3,255
1606604914.87 191,4,1,255
1606604914.92 192,2,3,255
1606604915.0 192,2,3,255
1606604915.0 192,1,4,255
1606604915.09 192,2,3,255
1606604915.13 192,3,2,255
1606604915.32 192,2,1,2
1606604916.1 193,3,2,255
1606604916.1 193,2,3,255
1606604916.25 193,1,2,255
1606604916.25 193,2,1,255
1606604916.36 194,4,2,255
1606604916.36 194,3,2,255
1606604917.47 195,4,2,255
1606604917.47 195,3,2,255
1606604917.53 195,1,2,255
1606604917.53 195,2,1,255
1606604917.53 195,4,3,255
1606604917.63 195,1,4,255
1606604917.63 195,2,4,255
1606604917.69 195,4,2,255
1606604917.71 195,3,2,255
1606604917.8 196,4,1,255
1606604917.8 196,4,2,255
1606604917.8 196,3,2,255
1606604918.01 196,3,1,2
1606604918.38 197,4,1,255
1606604918.38 197,4,2,255
1606604919.21 197,3,4,255
1606604919.21 197,3,1,255
1606604919.25 198,4,3,255
1606604919.25 198,4,1,255
1606604919.41 198,1,2,255
1606604919.43 198,4,2,255
1606604919.43 198,1,3,255
1606604919.89 199,3,4,255
1606604919.89 199,3,1,255
1606604920.04 199,3,4,255
1606604920.04 199,2,1,255
1606604920.06 199,4,3,255
1606604920.86 201,1,3,255
1606604920.86 201,3,4,255
1606604920.88 201,1,3,255
1606604920.92 201,1,3,255
1606604920.92 201,3,4,255
1606604921.01 201,2,4,255
1606604921.01 201,4,3,255
1606604922.09 201,1,3,255
1606604922.2 203,4,1,255
1606604922.2 203,3,1,255
1606604922.31 203,1,4,255
1606604922.31 203,2,4,255
1606604922.63 203,1,3,255
1606604922.66 203,1,4,255
1606604922.68 203,2,4,255
1606604922.68 203,4,2,255
1606604923.24 204,4,3,255
1606604923.24 204,4,1,255
1606604923.76 204,2,3,255
1606604923.79 205,3,2,255
1606604923.95 205,2,1,255
1606604923.95 205,1,4,255
1606604924.71 206,3,2,255
1606604924.71 206,2,3,255
1606604924.81 206,2,1,255
1606604924.83 206,2,3,255
1606604925.58 207,1,2,255
1606604925.58 207,2,1,255
1606604925.79 208,4,2,255
1606604925.79 208,3,2,255
1606604925.83 208,1,4,255
1606604925.83 208,2,4,255
1606604926.55 208,4,2,255
1606604926.57 208,3,2,255
1606604926.63 209,4,1,255
1606604926.63 209,4,2,255
1606604926.63 209,3,4,255
1606604926.86 209,3,1,255
1606604926.86 209,1,2,255
1606604927.29 210,3,1,255
1606604927.31 210,1,2,255
1606604927.37 210,2,1,255
1606604927.91 211,4,3,255
1606604927.91 211,4,1,255
1606604927.96 211,3,4,255
1606604927.96 211,3,1,255
1606604928.04 212,4,3,255
1606604928.07 212,4,1,255
1606604928.24 212,2,1,255
1606604929.38 212,3,1,255
1606604929.38 212,1,2,255
1606604929.48 213,1,3,255
1606604929.48 213,3,4,255
1606604929.68 214,2,4,255
1606604929.68 214,4,3,255
1606604929.93 214,1,3,255
1606604929.93 214,3,4,255
1606604930.02 214,2,4,255
1606604930.02 214,4,3,255
1606604930.02 214,3,2,255
1606604930.83 215,1,3,255
1606604930.86 216,1,3,255
1606604930.94 216,1,4,255
1606604930.97 216,2,4,255
1606604931.08 216,1,3,255
1606604932.08 217,4,3,255
1606604932.12 217,4,1,255
1606604932.26 217,2,3,255
1606604932.53 218,1,4,255
1606604932.97 218,2,1,255
1606604932.97 218,2,3,255
1606604933.19 219,2,4,255
1606604933.19 219,4,3,255
1606604933.56 219,3,2,255
1606604933.56 219,2,3,255
1606604933.73 220,3,2,255
1606604933.73 220,2,3,255
1606604933.73 2200,1,3,255
1606604933.75 220,4,2,255
1606604933.77 220,3,2,255
1606604934.71 221,1,4,255
1606604934.71 221,2,4,255
1606604934.78 221,1,2,255
1606604934.78 221,2,1,255
1606604934.78 221,2,4,255
1606604935.49 223,4,2,255
1606604935.49 223,3,2,255
1606604935.53 223,2,1,255
1606604935.53 223,1,4,255
1606604935.64 223,3,1,255
1606604935.64 223,1,2,255
1606604936.6 223,4,1,255
1606604936.6 223,4,2,255
1606604936.68 224,4,3,255
1606604936.68 224,4,1,255
1606604936.84 224,1,2,255
1606604936.84 224,4,2,255
1606604936.97 225,3,4,25
1606604937.88 225,2,4,255
1606604937.88 225,4,3,255
1606604937.99 226,3,1,255
1606604937.99 226,1,2,255
1606604938.13 226,4,3,255
1606604938.13 226,4,1,255
1606604938.39 226,1,3,255
1606604938.39 226,3,4,255
1606604938.39 226,1,4,255
1606604938.5 227,1,3,255
1606604938.5 227,3,4,255
1606604938.66 227,1,3,255
1606604938.66 227,3,4,255
1606604939.57 228,2,4,255
1606604939.59 228,4,3,255
1606604939.63 229,1,4,25
1606604939.77 229,1,3,255
1606604940.27 229,2,3,255
1606604940.27 229,1,4,255
1606604940.37 230,4,3,255
1606604940.37 230,4,1,255
1606604940.58 230,1,4,255
1606604940.58 230,2,4,255
1606604941.08 230,2,3,255
1606604941.18 231,2,3,255
1606604941.27 231,3,2,255
1606604942.14 232,1,4,255
1606604942.53 232,3,2,255
1606604942.55 232,2,3,255
1606604942.72 233,3,2,255
1606604942.72 233,2,3,255
1606604942.8 233,4,2,255
1606604942.82 233,3,2,255
1606604943.1 233,1,2,255
1606604943.1 233,2,1,255
1606604943.13 234,1,2,255
1606604943.13 234,2,1,255
1606604943.36 234,1,4,255
1606604943.36 234,2,4,255
1606604944.15 234,4,2,255
1606604944.18 234,3,2,255
1606604944.52 236,1,2,255
1606604945.29 236,4,1,255
1606604945.29 236,4,2,255
1606604945.32 237,4,3,255
1606604945.34 237,4,1,255
1606604945.42 238,3,4,255
1606604945.42 238,3,1,255
1606604945.43 238,1,2,255
1606604945.45 238,4,2,255
1606604945.52 238,3,4,255
1606604945.54 238,2,1,255
1606604945.54 238,4,3,255
1606604946.96 239,3,1,255
1606604946.96 239,1,2,255
1606604946.97 240,4,3,255
1606604946.99 240,4,1,255
1606604947.06 240,2,4,255
1606604947.06 240,4,3,255
1606604947.09 240,1,3,255
1606604947.09 240,3,4,255
1606604947.22 240,1,3,255
1606604947.22 240,3,4,255
1606604947.22 240,3,1,255
1606604947.26 240,1,3,2
1606604948.07 241,2,4,255
1606604948.08 241,4,3,255
1606604948.2 241,1,3,255
1606604948.27 242,1,3,255
1606604948.35 242,1,3,255
1606604948.35 242,2,4,255
1606604949.46 243,1,4,255
1606604949.49 243,2,4,255
1606604949.55 243,4,3,255
1606604949.57 243,4,1,255
1606604949.57 243,3,2,255
1606604949.67 243,2,3,255
1606604949.67 243,1,4,255
1606604950.11 243,2,3,255
1606604950.22 244,3,2,255
1606604950.32 245,2,3,2
1606604950.51 245,2,1,255
1606604950.51 245,1,4,255
1606604951.18 245,3,2,255
1606604951.18 245,2,3,255
1606604951.4 246,3,2,255
1606604951.4 246,2,3,255
1606604951.44 246,4,2,255
1606604951.44 246,3,2,255
1606604951.92 247,1,2,255
1606604951.92 247,2,1,255
1606604951.95 247,1,4,255
1606604951.99 247,2,4,255
1606604952.75 247,4,1,25
1606604952.77 247,1,3,255
1606604952.99 249,3,1,255
1606604952.99 249,1,2,255
1606604953.03 249,3,1,255
1606604953.03 249,1,2,255
1606604953.15 249,2,1,255
1606604953.15 249,1,4,255
1606604954.2 250,4,3,255
1606604954.2 250,4,1,255
1606604954.24 251,2,3,255
1606604954.28 251,1,2,255
1606604954.28 251,4,2,255
1606604954.3 251,3,4,255
1606604954.32 251,2,1,255
1606604954.39 251,3,4,255
1606604954.39 251,3,1,255
1606604954.39 251,1,4,255
1606604955.51 252,1,2,255
1606604955.92 252,1,3,255
1606604955.92 252,3,4,255
1606604956.17 253,1,3,255
1606604956.17 253,3,4,255
1606604956.47 253,1,4,255
1606604956.48 253,1,3,255
1606604956.67 254,4,1,255
1606604956.67 254,3,1,255
1606604956.76 254,2,4,255
1606604956.76 254,4,3,255
1606604956.83 254,1,4,255
1606604956.83 254,2,4,255
1606604957.18 254,1,3,2
1606604957.29 0,1,4,255
1606604957.6 0,1,4,255
1606604957.76 1,1,4,255
1606604957.76 1,2,4,255
1606604957.89 1,4,3,255
1606604957.89 1,4,1,255
1606604958.77 1,2,3,255
1606604958.8 2,3,2,255
1606604959.0 3,2,3,255
1606604959.37 3,4,3,255
1606604959.37 3,3,1,255
1606604959.49 3,1,4,255
1606604959.83 3,3,2,255
1606604959.85 3,2,3,255
1606604959.89 4,2,3,255
1606604960.29 5,1,2,255
1606604960.29 5,2,1,255
1606604961.66 6,4,1,255
1606604961.7 6,4,2,255
1606604961.83 6,4,2,255
1606604961.83 6,3,2,255
1606604961.87 6,1,4,255
1606604961.9 7,1,2,255
1606604961.92 7,1,2,255
1606604962.47 7,4,1,255
1606604962.8 8,3,1,255
1606604963.01 9,3,4,255
1606604963.01 9,2,1,255
