1606605315.38 33,2,4,255
1606605315.73 35,4,1,255
1606605315.73 35,4,2,255
1606605315.77 35,4,1,255
1606605315.77 35,3,1,255
1606605315.89 35,2,3,255
1606605315.89 35,1,4,255
1606605316.35 35,1,3,255
1606605316.41 36,2,1,255
1606605316.41 36,2,3,255
1606605316.56 36,1,3,255
1606605316.56 36,3,4,255
1606605317.75 36,4,3,255
1606605317.75 36,4,1,255
1606605317.79 37,4,3,255
1606605317.79 37,4,1,255
1606605317.82 37,4,2,255
1606605318.26 38,4,3,255
1606605318.26 38,1,3,255
1606605318.36 38,2,3,255
1606605318.37 38,3,4,255
1606605319.31 39,1,2,255
1606605319.31 39,2,3,255
1606605319.38 40,2,4,255
1606605319.38 40,4,3,255
1606605319.41 40,1,3,255
1606605319.41 40,3,4,255
1606605320.3 40,2,4,255
1606605320.41 41,1,4,255
1606605320.41 41,2,4,255
1606605320.41 41,3,2,255
1606605320.54 41,1,2,255
1606605320.54 41,4,1,255
1606605320.83 42,3,1,255
1606605320.83 42,1,2,255
1606605320.83 42,2,3,255
1606605321.29 42,1,2,255
1606605321.37 43,2,1,255
1606605321.37 43,1,4,255
1606605321.4 43,3,2,255
1606605322.29 43,3,2,255
1606605322.29 43,3,1,255
1606605322.4 44,1,2,255
1606605322.4 44,4,2,255
1606605322.4 44,3,4,255
1606605322.53 44,3,2,255
1606605322.58 44,1,4,255
1606605322.58 44,3,2,255
1606605322.61 45,2,1,255
1606605322.61 45,3,1,255
1606605322.61 45,1,2,255
1606605322.72 45,3,4,2
1606605323.26 46,3,2,255
1606605324.31 46,3,4,255
1606605324.33 46,2,1,255
1606605324.41 47,1,3,255
1606605324.41 47,3,4,255
1606605324.44 47,2,3,255
1606605325.02 47,4,1,255
1606605325.02 47,4,2,255
1606605325.1 48,4,1,255
1606605325.1 48,3,1,255
1606605325.1 49,2,1,255
1606605325.19 49,2,4,255
1606605325.35 49,1,3,255
1606605325.35 49,3,4,255
1606605325.64 50,4,2,255
1606605325.64 50,2,3,255
1606605325.67 50,4,3,255
1606605325.7 50,4,3,255
1606605325.7 50,4,1,255
1606605327.37 50,4,3,255
1606605327.37 50,1,3,255
1606605327.49 51,3,4,255
1606605327.49 51,2,1,255
1606605327.53 51,2,3,255
1606605327.59 51,2,4,255
1606605327.59 51,4,3,255
1606605327.61 52,2,4,255
1606605328.41 54,2,4,255
1606605328.41 54,4,3,255
1606605328.44 54,1,3,255
1606605328.44 54,3,4,255
1606605328.63 54,1,2,255
1606605328.63 54,4,1,255
1606605328.72 54,2,4,255
1606605329.99 54,4,2,255
1606605329.99 54,1,3,255
1606605330.08 55,2,4,255
1606605330.24 55,3,1,255
1606605330.24 55,1,2,255
1606605330.28 55,3,1,255
1606605330.34 55,1,2,255
1606605330.34 56,2,1,255
1606605330.85 57,4,2,255
1606605331.09 57,3,4,255
1606605331.09 57,2,1,255
1606605331.11 58,2,1,255
1606605331.24 58,1,4,255
1606605331.24 58,3,2,255
1606605332.62 58,3,1,255
1606605332.64 58,1,2,255
1606605332.9 60,4,2,255
1606605332.9 60,3,2,255
1606605332.9 60,1,4,255
1606605333.0 60,1,3,255
1606605333.02 60,3,4,255
1606605333.06 60,2,3,255
1606605333.06 60,1,4,255
1606605333.19 60,3,4,255
1606605333.64 61,4,1,255
1606605333.64 61,4,2,255
1606605333.89 61,1,3,255
1606605333.93 62,2,1,255
1606605333.93 62,2,3,255
1606605334.06 62,1,3,255
1606605334.06 62,3,4,255
1606605335.06 62,4,3,255
1606605335.06 62,4,1,255
1606605335.22 63,4,3,255
1606605335.22 63,4,1,255
1606605335.25 63,4,2,255
1606605335.25 63,2,3,255
1606605335.41 64,2,3,255
1606605335.44 64,3,4,255
1606605335.47 64,2,1,255
1606605335.51 64,4,3,25
1606605335.51 64,3,1,255
1606605336.27 65,2,4,255
1606605336.27 65,4,3,255
1606605336.75 65,1,2,255
1606605336.75 65,2,3,255
1606605336.82 66,1,3,255
1606605336.82 66,3,4,255
1606605336.98 66,2,4,255
1606605336.98 66,4,3,255
1606605337.57 66,2,4,255
1606605337.71 67,1,4,255
1606605337.71 67,2,4,255
1606605337.82 68,1,2,255
1606605337.84 68,4,1,255
1606605338.07 68,3,4,255
1606605338.07 68,2,4,255
1606605338.99 68,3,1,255
1606605338.99 68,1,2,255
1606605339.09 69,2,1,255
1606605339.09 69,1,4,255
1606605339.13 69,3,2,255
1606605339.68 69,3,2,255
1606605339.68 69,3,1,255
1606605339.68 69,2,3,255
1606605339.92 70,1,2,255
1606605339.92 70,4,2,255
1606605339.94 70,1,4,255
1606605339.96 70,3,2,255
1606605340.03 71,3,4,255
1606605340.03 71,2,4,255
1606605340.45 71,2,3,255
1606605340.55 72,3,2,255
1606605340.59 72,1,4,255
1606605340.59 72,3,2,255
1606605341.83 72,3,4,255
1606605341.83 72,2,1,255
1606605341.96 73,2,3,255
1606605341.96 73,1,4,255
1606605342.01 73,1,3,255
1606605342.03 73,3,4,255
1606605342.03 73,4,3,255
1606605342.29 73,4,1,255
1606605342.29 73,3,1,255
1606605342.46 74,2,3,255
1606605342.46 74,1,4,255
1606605342.49 74,4,1,25
1606605342.49 74,1,2,255
1606605342.86 76,2,1,255
1606605342.86 76,2,3,255
1606605342.92 76,4,3,255
1606605342.92 76,4,1,255
1606605343.05 76,4,2,255
1606605343.05 76,2,3,255
1606605343.14 76,4,3,255
1606605343.14 76,4,1,255
1606605344.76 76,4,3,255
1606605344.76 76,1,3,255
1606605344.84 77,3,4,255
1606605344.84 77,2,1,255
1606605344.94 78,4,1,255
1606605344.96 78,4,2,255
1606605345.03 78,2,3,255
1606605345.05 78,2,4,255
1606605345.29 79,3,2,255
1606605345.54 79,1,2,255
1606605345.54 79,2,3,255
1606605345.59 79,1,4,255
1606605345.6 79,2,4,255
1606605345.64 80,1,2,255
1606605345.64 80,4,1,255
1606605347.38 80,4,2,255
1606605347.38 80,1,3,255
1606605347.56 81,3,1,255
1606605347.56 81,1,2,255
1606605347.64 82,2,4,255
1606605347.64 82,2,1,255
1606605347.78 82,3,1,255
1606605347.78 82,1,2,255
1606605347.83 83,3,2,255
1606605347.89 83,4,3,255
1606605348.09 83,4,2,255
1606605348.6 83,3,4,255
1606605348.6 83,2,1,255
1606605348.74 84,1,4,255
1606605348.74 84,3,2,255
1606605348.86 84,2,1,255
1606605348.86 84,3,1,255
1606605349.81 84,3,1,255
1606605349.81 84,1,2,255
1606605349.81 84,1,3,255
1606605349.85 85,4,2,255
1606605349.85 85,3,2,255
1606605349.97 85,1,4,255
1606605349.97 85,3,2,255
1606605350.38 86,1,3,255
1606605350.38 86,3,4,255
1606605350.38 86,2,1,255
1606605350.4 86,2,3,2
1606605350.75 86,2,3,255
1606605350.75 86,1,4,255
1606605350.86 87,4,1,255
1606605350.86 87,4,2,255
1606605350.89 87,4,1,255
1606605350.89 87,3,1,255
1606605351.54 87,1,3,255
1606605351.68 88,2,1,255
1606605351.7 88,2,3,255
1606605351.8 88,1,3,255
1606605351.8 88,3,4,255
1606605352.07 88,4,3,255
1606605352.09 88,4,1,255
1606605352.17 89,4,2,255
1606605352.17 89,2,3,255
1606605352.7 90,2,3,255
1606605352.78 90,3,4,255
1606605352.78 90,2,1,255
1606605353.52 90,4,1,255
1606605353.52 90,4,2,255
1606605353.6 91,2,4,255
1606605353.6 91,4,3,255
1606605353.74 91,2,4,255
1606605353.74 91,4,3,255
1606605354.31 91,1,2,255
1606605354.31 91,2,3,255
1606605354.31 91,2,1,255
1606605354.34 92,1,3,255
1606605354.39 92,2,4,255
1606605354.39 92,4,3,255
1606605354.84 93,4,3,255
1606605355.17 94,4,2,255
1606605355.17 94,1,3,255
1606605355.25 94,2,4,255
1606605355.28 94,3,1,255
1606605356.53 94,3,1,255
1606605356.53 94,1,2,255
1606605356.61 95,2,1,255
1606605356.61 95,1,4,255
1606605356.79 95,3,2,255
1606605357.14 95,3,2,255
1606605357.14 95,3,1,255
1606605357.21 96,1,2,255
1606605357.23 96,4,2,255
1606605357.34 97,1,4,25
1606605357.43 98,2,1,255
1606605357.57 98,2,1,255
1606605357.57 98,3,1,255
1606605357.62 98,3,1,255
1606605357.62 98,1,2,255
1606605357.65 98,4,2,255
1606605357.68 98,3,2,255
1606605359.49 98,3,4,255
1606605359.51 98,2,1,255
1606605359.57 99,2,3,255
1606605359.57 99,1,4,255
1606605359.63 100,4,1,255
1606605359.66 100,3,1,255
1606605359.68 100,2,3,255
1606605359.73 100,3,4,255
1606605359.93 101,2,1,2
1606605359.99 101,1,3,255
1606605360.13 101,1,3,255
1606605360.41 101,4,3,255
1606605360.41 101,4,1,255
1606605360.45 102,4,2,255
1606605360.45 102,2,3,255
1606605360.56 102,4,3,255
1606605360.56 102,4,1,255
1606605362.14 102,3,4,255
1606605362.14 102,2,1,255
1606605362.24 103,4,3,255
1606605362.26 103,1,3,255
1606605362.26 103,1,2,255
1606605362.28 103,2,3,255
1606605362.36 104,4,1,255
1606605362.39 104,4,2,255
1606605362.43 105,2,4,255
1606605362.43 105,4,3,255
1606605362.43 105,4,1,255
1606605362.51 105,1,3,2
1606605362.62 105,4,3,255
1606605362.71 105,1,2,255
1606605362.71 105,2,3,255
1606605363.13 105,1,4,255
1606605363.13 105,2,4,255
1606605363.32 106,2,4,255
1606605363.36 106,1,2,255
1606605363.36 106,4,1,255
1606605364.44 106,4,2,255
1606605364.44 106,1,3,255
1606605364.55 107,3,1,255
1606605364.55 107,1,2,255
1606605364.69 107,2,4,255
1606605364.93 108,3,1,255
1606605364.93 108,1,2,255
1606605365.03 108,3,2,255
1606605365.1 108,2,1,2
